116.308614,
40.055761,
116.308659,
40.055643,
116.308327,
40.055574,
116.307869,
40.055478,
116.307572,
40.055416,
116.305820,
40.055036,
116.305731,
40.055022,
116.305605,
40.054946,
116.305389,
40.054926,
116.304608,
40.054815,
116.303907,
40.054705,
116.303197,
40.054587,
116.303072,
40.054587,
116.303018,
40.054587,
116.302973,
40.054560,
116.302739,
40.054525,
116.302622,
40.054504,
116.302577,
40.054498,
116.301859,
40.054387,
116.301356,
40.054346,
116.301014,
40.054353,
116.300889,
40.054359,
116.300754,
40.054380,
116.300637,
40.054387,
116.300341,
40.054422,
116.300260,
40.054242,
116.300242,
40.054208,
116.300215,
40.054132,
116.300188,
40.054083,
116.300152,
40.054014,
116.300080,
40.053890,
116.300035,
40.053821,
116.300008,
40.053780,
116.299901,
40.053655,
116.299865,
40.053614,
116.299811,
40.053545,
116.299658,
40.053379,
116.299568,
40.053296,
116.299514,
40.053241,
116.299020,
40.052875,
116.298787,
40.052744,
116.298652,
40.052675,
116.298391,
40.052565,
116.298221,
40.052496,
116.298122,
40.052461,
116.298041,
40.052440,
116.297978,
40.052426,
116.297906,
40.052406,
116.297673,
40.052344,
116.296909,
40.052212,
116.296792,
40.052192,
116.296694,
40.052178,
116.296406,
40.052137,
116.296685,
40.051211,
116.296739,
40.050991,
116.296756,
40.050942,
116.296783,
40.050852,
116.296801,
40.050763,
116.296855,
40.050583,
116.296864,
40.050542,
116.297035,
40.049989,
116.297161,
40.049596,
116.297260,
40.049189,
116.297295,
40.049064,
116.297322,
40.048954,
116.297331,
40.048906,
116.297322,
40.048843,
116.297286,
40.048802,
116.297269,
40.048774,
116.297251,
40.048719,
116.297242,
40.048678,
116.297251,
40.048636,
116.297260,
40.048574,
116.297304,
40.048415,
116.297358,
40.048188,
116.297412,
40.047980,
116.297457,
40.047753,
116.297475,
40.047684,
116.297502,
40.047601,
116.297538,
40.047435,
116.297529,
40.047345,
116.297556,
40.047228,
116.297592,
40.047041,
116.297637,
40.046807,
116.297700,
40.046724,
116.297727,
40.046641,
116.297745,
40.046544,
116.297781,
40.046441,
116.297790,
40.046372,
116.297870,
40.046047,
116.297888,
40.045958,
116.297915,
40.045861,
116.297969,
40.045626,
116.298032,
40.045412,
116.298050,
40.045260,
116.298104,
40.045012,
116.298149,
40.044791,
116.298203,
40.044480,
116.298203,
40.044390,
116.298230,
40.044294,
116.298248,
40.044204,
116.298266,
40.044073,
116.298275,
40.044010,
116.298355,
40.043527,
116.298364,
40.043458,
116.298436,
40.043023,
116.298517,
40.042547,
116.298535,
40.042436,
116.298598,
40.042063,
116.298607,
40.042036,
116.298634,
40.041918,
116.298688,
40.041566,
116.298742,
40.041235,
116.298778,
40.041042,
116.298832,
40.040945,
116.298894,
40.040572,
116.298921,
40.040413,
116.298921,
40.040358,
116.298939,
40.040261,
116.298957,
40.040144,
116.298993,
40.040061,
116.299281,
40.040061,
116.299424,
40.040061,
116.299667,
40.040061,
116.299739,
40.040061,
116.300008,
40.040061,
116.300089,
40.040054,
116.300556,
40.040061,
116.300808,
40.040054,
116.300943,
40.040061,
116.301050,
40.040054,
116.301275,
40.040054,
116.301320,
40.039957,
116.301464,
40.039412,
116.301509,
40.039219,
116.301616,
40.038715,
116.301643,
40.038618,
116.301787,
40.037934,
116.301859,
40.037624,
116.301904,
40.037410,
116.301922,
40.037354,
116.301976,
40.037113,
116.302047,
40.036809,
116.302182,
40.036298,
116.302263,
40.035932,
116.302371,
40.035393,
116.302443,
40.035027,
116.302551,
40.034509,
116.302604,
40.034337,
116.302676,
40.034102,
116.302730,
40.033915,
116.302757,
40.033784,
116.302883,
40.033273,
116.303009,
40.032707,
116.303018,
40.032672,
116.303045,
40.032562,
116.303107,
40.032313,
116.303152,
40.032072,
116.303296,
40.031505,
116.303368,
40.031160,
116.303386,
40.031063,
116.303404,
40.030994,
116.303458,
40.030739,
116.303476,
40.030649,
116.303341,
40.030635,
116.303269,
40.030628,
116.302595,
40.030552,
116.302443,
40.030532,
116.302065,
40.030490,
116.301778,
40.030456,
116.301679,
40.030442,
116.301437,
40.030414,
116.300718,
40.030324,
116.300583,
40.030304,
116.299874,
40.030221,
116.299748,
40.030207,
116.299667,
40.030200,
116.299604,
40.030186,
116.299568,
40.030179,
116.299433,
40.030166,
116.298939,
40.030110,
116.297978,
40.029993,
116.297565,
40.029938,
116.296379,
40.029779,
116.295975,
40.029724,
116.295337,
40.029641,
116.294592,
40.029551,
116.294106,
40.029447,
116.293882,
40.029385,
116.293855,
40.029371,
116.293756,
40.029344,
116.293612,
40.029296,
116.293487,
40.029247,
116.293181,
40.029123,
116.292624,
40.028874,
116.292543,
40.028833,
116.292490,
40.028805,
116.291582,
40.028336,
116.290998,
40.028032,
116.290909,
40.027990,
116.290657,
40.027859,
116.290513,
40.027811,
116.290450,
40.027797,
116.290307,
40.027762